45043
61764
61785
61799
61800
61804
61810
61812
61815
61859
61871
61872
61873
61877
61879
61880
61881
61883
61884
61885
61886
61887
61888
61889
61890
61892
61893
61894
61895
61896
61898
61899
61901
61905
61907
61908
61909
61911
61912
61916
61917
61918
61919
61920
61921
61922
61923
61924
61927
61929
61931
61932
61933
61934
61935
61936
61937
61938
61939
61940
61941
61942
61943
61945
61946
61947
61948
61949
61950
61951
61952
61953
61954
61955
61956
61957
61959
61963
61964
61968
61970
61971
62360
71473
81013
81060
81099
81101
81114
81115
81124
81139
81140
81176
81212
81221
81238
81239
81240
81241
81242
81243
81244
81246
81247
81248
81249
81250
81251
81252
81253
81254
81255
81256
81257
81258
81259
81260
81261
81262
81263
81264
81265
81267
81268
81269
81270
81271
81273
81275
81276
81277
81278
81279
81280
81281
81282
81283
81287
81288
81289
81290
81291
81292
81294
81295
81296
81297
81298
81300
81301
81304
81312
81313
81315
81316
81317
81318
81319
81321
81322
81323
81326
81327
81329
81330
81332
81333
81334
81335
81337
81338
81340
81341
81342
81344
81345
81346
81347
81348
81349
81350
81351
81352
81355
81357
81358
81360
81363
81364
81365
81366
81367
81368
81370
81372
81373
81374
81378
81379
81380
81381
81382
81383
81384
81386
81387
81388
81390
81391
81392
855249
855262
855264
855271
855272
855273
